01 02 03 04 05 08 11
01 02 03 05 07 08 09
01 02 03 06 09 10 14
01 02 03 07 12 13 15
01 02 04 06 10 12 14
01 02 04 07 09 13 15
01 02 05 06 07 08 15
01 02 05 06 11 13 15
01 02 05 07 10 11 14
01 02 05 08 09 11 12
01 02 08 10 13 14 15
01 03 04 05 11 13 14
01 03 04 06 07 10 11
01 03 04 09 11 12 15
01 03 05 06 10 12 15
01 03 06 08 09 10 13
01 03 07 08 12 14 15
01 04 05 06 09 10 15
01 04 05 07 12 13 14
01 04 06 08 10 12 13
01 04 07 08 09 14 15
01 05 06 07 10 11 15
01 05 06 07 13 14 15
01 05 06 08 11 14 15
01 05 07 08 10 11 13
01 05 09 11 12 13 14
01 06 07 09 10 11 12
02 03 04 06 08 11 15
02 03 04 07 10 11 14
02 03 04 09 11 12 13
02 03 05 06 07 12 13
02 03 05 09 10 14 15
02 03 08 10 12 13 14
02 04 05 06 07 09 13
02 04 05 10 12 14 15
02 04 06 07 08 12 15
02 04 08 09 10 13 14
02 05 06 08 10 13 14
02 06 07 10 11 14 15
02 06 08 09 11 12 15
02 07 08 10 11 13 14
02 07 09 10 11 12 14
03 04 05 06 09 11 12
03 04 05 07 10 11 15
03 04 06 11 13 14 15
03 04 07 08 10 11 13
03 04 07 09 10 11 12
03 04 08 09 11 12 14
03 05 06 07 08 12 14
03 05 08 09 10 13 15
03 06 07 09 13 14 15
03 06 10 11 12 13 14
04 05 06 07 08 09 14
04 05 08 10 12 13 15
05 07 09 10 11 12 15
06 07 08 10 11 13 15
06 09 11 12 13 14 15
07 08 09 10 11 12 13