01 02 03 04 05 06 07 08 10 12 14 15 16 17 18
01 02 04 05 06 07 08 09 11 13 14 15 16 17 18
02 04 05 06 07 09 10 11 12 13 14 15 16 17 18
02 03 04 05 06 07 08 09 11 12 13 15 16 17 18
01 02 04 05 06 07 08 09 10 11 12 13 15 17 18
01 02 03 07 08 09 10 11 12 13 14 15 16 17 18
01 02 03 05 06 08 09 10 11 12 13 14 16 17 18
01 02 03 04 05 06 07 09 10 11 13 15 16 17 18
01 02 03 04 08 09 10 11 12 13 14 15 16 17 18
01 03 04 05 06 07 08 09 10 11 12 14 15 16 18
01 02 03 04 07 08 09 10 11 12 13 14 16 17 18
01 02 03 04 05 06 07 09 11 12 13 14 15 17 18
01 02 03 04 05 06 07 08 09 10 11 12 14 15 16
01 02 03 04 05 06 07 08 10 12 13 14 15 16 18
02 03 04 05 06 07 08 09 10 11 13 14 15 17 18
01 03 04 05 06 07 08 10 11 12 13 14 15 16 17
01 03 04 05 06 07 08 09 10 12 13 14 15 16 17