01 02 04 06 07 08 10 11 13 14 15 16 17 18 19
01 02 03 04 05 07 09 12 13 14 15 16 17 18 19
01 02 03 04 05 07 08 09 12 13 14 15 16 17 19
02 03 04 05 06 07 09 10 11 12 13 14 15 16 19
01 04 05 06 07 08 09 10 11 13 15 16 17 18 19
02 03 04 05 07 08 09 10 11 13 14 15 16 18 19
01 02 03 04 05 06 08 09 10 11 12 13 14 17 18
01 03 04 06 07 08 10 11 12 13 15 16 17 18 19
01 02 03 05 06 08 09 10 11 12 14 15 16 17 18
01 02 03 05 06 07 08 09 10 11 12 14 17 18 19
02 03 04 05 06 07 08 09 12 13 14 15 16 18 19