01 02 04 05 08 09 11 12 13 14 15 16 17 18 19 20
01 02 04 06 07 10 11 12 13 14 15 16 17 18 19 20
01 02 03 04 05 06 07 08 09 10 11 12 16 17 18 19
01 02 03 06 07 08 09 11 13 14 15 16 17 18 19 20
03 06 07 08 09 10 11 12 13 14 15 16 17 18 19 20
01 02 03 04 05 06 07 08 09 10 11 12 14 15 16 17
03 04 05 06 08 09 10 12 13 14 15 16 17 18 19 20
01 05 07 08 09 10 11 12 13 14 15 16 17 18 19 20
01 02 03 04 08 10 11 12 13 14 15 16 17 18 19 20
01 04 05 06 07 08 11 12 13 14 15 16 17 18 19 20
01 02 03 04 05 06 07 08 09 10 11 12 13 14 17 18
01 02 03 04 05 06 07 08 09 10 11 12 14 17 19 20
01 02 03 04 05 06 07 08 09 10 11 12 14 15 18 19
01 02 04 05 07 09 10 12 13 14 15 16 17 18 19 20
01 02 03 04 05 06 07 08 09 10 11 12 14 16 18 20
01 03 05 06 09 10 11 12 13 14 15 16 17 18 19 20
01 02 03 04 06 09 11 12 13 14 15 16 17 18 19 20
01 02 03 04 05 06 07 08 09 10 11 12 15 17 18 20
01 02 03 04 05 06 07 08 09 10 11 12 13 15 17 19
01 02 03 05 07 09 11 12 13 14 15 16 17 18 19 20
02 03 05 07 09 10 11 12 13 14 15 16 17 18 19 20
01 02 03 04 05 06 07 08 09 10 11 12 13 14 15 20
01 02 03 04 06 07 09 10 13 14 15 16 17 18 19 20
01 03 04 05 06 07 10 11 13 14 15 16 17 18 19 20
01 02 03 04 05 06 07 08 09 10 11 12 13 18 19 20
02 04 06 07 08 09 11 12 13 14 15 16 17 18 19 20
01 02 05 06 07 08 09 10 13 14 15 16 17 18 19 20
03 04 05 06 07 08 09 12 13 14 15 16 17 18 19 20
01 02 03 04 05 06 07 08 09 10 11 12 13 15 16 18
02 03 05 06 08 10 11 12 13 14 15 16 17 18 19 20
01 02 03 04 05 08 09 11 13 14 15 16 17 18 19 20
02 03 04 05 06 07 08 12 13 14 15 16 17 18 19 20
01 02 04 06 08 09 10 11 13 14 15 16 17 18 19 20
01 03 04 07 08 09 10 12 13 14 15 16 17 18 19 20
01 02 03 05 06 08 10 12 13 14 15 16 17 18 19 20
02 03 04 05 07 08 10 11 13 14 15 16 17 18 19 20
01 02 03 04 05 06 07 08 09 10 11 12 13 14 16 19
01 02 03 04 05 06 07 08 09 10 11 12 15 16 19 20
02 04 05 06 07 09 10 11 13 14 15 16 17 18 19 20
01 02 03 04 05 06 07 08 09 10 11 12 13 16 17 20