03 04 08 09 10 11 12 13 14 15 16 17 18 19 20
01 02 03 04 08 11 12 13 14 15 16 17 18 19 20
01 05 08 09 10 11 12 13 14 15 16 17 18 19 20
01 02 03 04 05 06 07 08 09 10 11 12 14 16 17
03 06 07 08 09 10 12 13 14 15 16 17 18 19 20
02 03 04 05 06 11 12 13 14 15 16 17 18 19 20
01 04 05 06 08 11 12 13 14 15 16 17 18 19 20
02 07 08 09 10 11 12 13 14 15 16 17 18 19 20
02 04 05 08 09 11 12 13 14 15 16 17 18 19 20
04 05 07 08 09 10 12 13 14 15 16 17 18 19 20
01 02 03 07 10 11 12 13 14 15 16 17 18 19 20
01 02 05 07 08 11 12 13 14 15 16 17 18 19 20
04 05 06 09 10 11 12 13 14 15 16 17 18 19 20
02 03 06 07 08 11 12 13 14 15 16 17 18 19 20
03 05 06 08 09 11 12 13 14 15 16 17 18 19 20
01 03 04 05 10 11 12 13 14 15 16 17 18 19 20
02 04 06 08 10 11 12 13 14 15 16 17 18 19 20
01 04 06 08 09 10 12 13 14 15 16 17 18 19 20
01 03 04 06 09 11 12 13 14 15 16 17 18 19 20
03 04 06 07 10 11 12 13 14 15 16 17 18 19 20
01 02 03 04 05 06 07 08 09 10 11 17 18 19 20
01 02 03 04 05 06 07 08 09 10 11 16 17 18 19
01 02 03 04 05 06 07 08 09 10 11 13 15 17 20
01 02 03 04 05 06 07 08 09 10 11 13 15 16 20
01 02 03 04 05 06 07 08 09 10 11 13 17 19 20
03 04 05 07 08 11 12 13 14 15 16 17 18 19 20
02 05 06 08 09 10 12 13 14 15 16 17 18 19 20
01 02 04 06 07 11 12 13 14 15 16 17 18 19 20
03 04 05 06 08 10 12 13 14 15 16 17 18 19 20
02 04 05 07 10 11 12 13 14 15 16 17 18 19 20
01 03 05 06 09 10 12 13 14 15 16 17 18 19 20
02 03 04 06 08 09 12 13 14 15 16 17 18 19 20
01 02 06 07 08 10 12 13 14 15 16 17 18 19 20
01 02 03 04 05 06 07 08 09 10 11 12 13 14 15
01 02 03 04 05 06 07 08 09 10 11 13 14 17 19
01 02 03 04 05 06 07 08 09 10 11 13 14 19 20
01 02 03 04 05 06 07 08 09 10 11 12 15 19 20
01 02 03 04 05 06 07 08 09 10 11 12 14 18 19
01 02 03 04 05 06 07 08 09 10 11 15 17 18 20
01 02 03 04 05 06 07 08 09 10 11 13 17 18 20
01 02 03 04 05 06 07 08 09 10 11 12 13 17 18
01 02 03 04 06 10 12 13 14 15 16 17 18 19 20
02 03 05 08 10 11 12 13 14 15 16 17 18 19 20
01 03 07 08 09 11 12 13 14 15 16 17 18 19 20
05 06 07 08 10 11 12 13 14 15 16 17 18 19 20
01 02 03 06 07 09 12 13 14 15 16 17 18 19 20
01 02 04 05 08 10 12 13 14 15 16 17 18 19 20
01 03 04 07 09 10 12 13 14 15 16 17 18 19 20
02 03 05 07 08 09 12 13 14 15 16 17 18 19 20
01 02 03 05 09 11 12 13 14 15 16 17 18 19 20
02 03 04 07 08 10 12 13 14 15 16 17 18 19 20
02 03 05 06 07 10 12 13 14 15 16 17 18 19 20
02 03 06 09 10 11 12 13 14 15 16 17 18 19 20
03 05 07 09 10 11 12 13 14 15 16 17 18 19 20
01 02 04 09 10 11 12 13 14 15 16 17 18 19 20
01 03 06 08 10 11 12 13 14 15 16 17 18 19 20
03 04 05 06 07 09 12 13 14 15 16 17 18 19 20
02 03 04 07 09 11 12 13 14 15 16 17 18 19 20
01 02 05 07 09 10 12 13 14 15 16 17 18 19 20
01 06 07 09 10 11 12 13 14 15 16 17 18 19 20
01 02 03 04 05 06 07 08 09 10 11 13 15 16 17
01 02 03 04 05 06 07 08 09 10 11 15 17 19 20
01 02 03 04 05 06 07 08 09 10 11 12 14 17 20
01 02 03 04 05 06 07 08 09 10 11 12 15 16 18
04 06 07 08 09 11 12 13 14 15 16 17 18 19 20
01 03 05 06 07 11 12 13 14 15 16 17 18 19 20
01 02 03 05 06 08 12 13 14 15 16 17 18 19 20
02 04 05 06 07 08 12 13 14 15 16 17 18 19 20
01 02 03 08 09 10 12 13 14 15 16 17 18 19 20
02 04 06 07 09 10 12 13 14 15 16 17 18 19 20
01 02 06 08 09 11 12 13 14 15 16 17 18 19 20
01 04 05 07 09 11 12 13 14 15 16 17 18 19 20
01 03 04 05 08 09 12 13 14 15 16 17 18 19 20
01 04 05 06 07 10 12 13 14 15 16 17 18 19 20
01 02 05 06 10 11 12 13 14 15 16 17 18 19 20
01 02 04 05 06 09 12 13 14 15 16 17 18 19 20
01 03 04 06 07 08 12 13 14 15 16 17 18 19 20
01 02 03 04 05 06 07 08 09 10 11 12 16 17 20
01 02 03 04 05 06 07 08 09 10 11 12 14 16 20
01 02 03 04 05 06 07 08 09 10 11 14 15 17 18
01 02 03 04 05 06 07 08 09 10 11 14 16 17 20
01 02 03 04 05 06 07 08 09 10 11 13 15 18 19
01 02 03 04 05 06 07 08 09 10 11 12 15 17 19
01 02 03 04 05 06 07 08 09 10 11 16 18 19 20
01 02 03 04 05 06 07 08 09 10 11 12 13 18 20
01 02 03 04 05 06 07 08 09 10 11 14 15 16 19
01 02 03 04 05 06 07 08 09 10 11 13 14 16 18
01 02 03 04 05 06 07 08 09 10 11 14 15 18 20
02 05 06 07 09 11 12 13 14 15 16 17 18 19 20
01 02 03 04 05 07 12 13 14 15 16 17 18 19 20
01 04 07 08 10 11 12 13 14 15 16 17 18 19 20
02 03 04 05 09 10 12 13 14 15 16 17 18 19 20
01 02 04 07 08 09 12 13 14 15 16 17 18 19 20
01 05 06 07 08 09 12 13 14 15 16 17 18 19 20
01 03 05 07 08 10 12 13 14 15 16 17 18 19 20
01 02 03 04 05 06 07 08 09 10 11 12 13 16 19