07 08 09 10 11 12 13 14 15 16 17 18 19 20 21
01 05 09 10 11 12 13 14 15 16 17 18 19 20 21
05 06 08 10 11 12 13 14 15 16 17 18 19 20 21
01 02 03 04 05 06 07 08 09 11 15 16 17 18 20
02 05 07 10 11 12 13 14 15 16 17 18 19 20 21
01 02 03 04 05 06 07 08 09 10 12 13 14 17 20
04 06 09 10 11 12 13 14 15 16 17 18 19 20 21
02 04 08 10 11 12 13 14 15 16 17 18 19 20 21
01 02 03 04 05 06 07 08 09 11 12 13 17 18 19
01 02 03 04 05 06 07 08 09 13 14 15 18 19 21
01 02 03 04 05 06 07 08 09 12 13 15 16 17 21
01 03 08 10 11 12 13 14 15 16 17 18 19 20 21
03 04 05 10 11 12 13 14 15 16 17 18 19 20 21
01 02 03 04 05 06 07 08 09 10 14 16 17 18 21
01 02 03 04 05 06 07 08 09 10 11 14 15 17 19
01 02 03 04 05 06 07 08 09 11 16 17 19 20 21
01 04 07 10 11 12 13 14 15 16 17 18 19 20 21
02 03 09 10 11 12 13 14 15 16 17 18 19 20 21
01 02 06 10 11 12 13 14 15 16 17 18 19 20 21
01 02 03 04 05 06 07 08 09 12 14 15 16 19 20
01 02 03 04 05 06 07 08 09 10 13 16 18 19 20
01 02 03 04 05 06 07 08 09 10 11 12 13 14 16
01 02 03 04 05 06 07 08 09 10 12 15 18 19 21
01 02 03 04 05 06 07 08 09 11 12 14 18 20 21
01 02 03 04 05 06 07 08 09 10 11 13 15 20 21
03 06 07 10 11 12 13 14 15 16 17 18 19 20 21