05 07 08 09 10 12 13 14 15 16 17 18 19 20 21
01 05 08 09 11 12 13 14 15 16 17 18 19 20 21
01 02 06 09 10 12 13 14 15 16 17 18 19 20 21
01 03 04 06 11 12 13 14 15 16 17 18 19 20 21
01 02 03 04 05 06 07 08 09 10 11 13 17 19 21
03 04 08 10 11 12 13 14 15 16 17 18 19 20 21
04 06 09 10 11 12 13 14 15 16 17 18 19 20 21
01 05 07 10 11 12 13 14 15 16 17 18 19 20 21
01 02 03 04 05 06 07 08 09 10 11 12 14 17 21
04 05 06 08 11 12 13 14 15 16 17 18 19 20 21
01 02 03 04 05 06 07 08 09 10 11 12 13 14 15
01 02 03 04 05 06 07 08 09 10 11 14 17 18 20
01 02 03 04 05 06 07 08 09 10 11 12 17 18 19
01 02 03 04 05 06 07 08 09 10 11 12 14 19 20
01 02 03 04 05 06 07 08 09 10 11 13 16 18 20
01 02 03 04 05 06 07 08 09 10 11 12 13 18 21
03 05 06 09 10 12 13 14 15 16 17 18 19 20 21
01 03 06 08 10 12 13 14 15 16 17 18 19 20 21
02 03 05 09 11 12 13 14 15 16 17 18 19 20 21
02 04 05 08 10 12 13 14 15 16 17 18 19 20 21
01 02 03 09 10 12 13 14 15 16 17 18 19 20 21
02 05 06 10 11 12 13 14 15 16 17 18 19 20 21
01 07 08 09 11 12 13 14 15 16 17 18 19 20 21
01 02 05 06 07 12 13 14 15 16 17 18 19 20 21
01 02 03 04 05 06 07 08 09 10 11 18 19 20 21
01 02 03 04 05 06 07 08 09 10 11 15 17 20 21
01 02 03 04 05 06 07 08 09 10 11 12 15 16 17
01 02 03 04 05 06 07 08 09 10 11 14 16 19 21
01 02 03 04 05 06 07 08 09 10 11 13 15 17 18
01 02 03 04 05 06 07 08 09 10 11 12 16 20 21
02 03 07 08 11 12 13 14 15 16 17 18 19 20 21
03 04 05 07 11 12 13 14 15 16 17 18 19 20 21
03 05 06 07 08 12 13 14 15 16 17 18 19 20 21
01 02 04 09 11 12 13 14 15 16 17 18 19 20 21
01 04 05 06 09 12 13 14 15 16 17 18 19 20 21
01 02 06 10 11 12 13 14 15 16 17 18 19 20 21
01 03 04 07 09 12 13 14 15 16 17 18 19 20 21
03 06 07 09 11 12 13 14 15 16 17 18 19 20 21
02 07 08 09 11 12 13 14 15 16 17 18 19 20 21
01 02 03 04 05 06 07 08 09 10 11 13 14 16 17
01 02 03 04 05 06 07 08 09 10 11 15 16 18 19
01 02 03 04 05 06 07 08 09 10 11 14 15 18 21
01 02 03 04 05 06 07 08 09 10 11 14 15 16 20
01 02 03 04 05 06 07 08 09 10 11 13 15 19 20
02 03 06 08 09 12 13 14 15 16 17 18 19 20 21
02 03 04 07 10 12 13 14 15 16 17 18 19 20 21
01 03 04 05 10 12 13 14 15 16 17 18 19 20 21
01 02 04 07 08 12 13 14 15 16 17 18 19 20 21
01 02 03 05 08 12 13 14 15 16 17 18 19 20 21
02 04 05 07 09 12 13 14 15 16 17 18 19 20 21
01 02 03 04 05 06 07 08 09 10 11 12 13 16 19
04 06 07 08 10 12 13 14 15 16 17 18 19 20 21