01 02 03 04 05 06 07 08 09 10 11 12 13 14 15 16 17 18 19 20 21 22 23 24 25 27 29 30 31 32 33 34 35 36 37 38 39 40 41 43 45 47 49 51 53 54 55 56 58 60
01 02 03 04 05 06 07 08 09 10 11 12 13 14 15 16 17 18 19 21 22 23 24 25 27 30 31 32 33 35 37 38 39 40 41 42 43 44 45 46 47 48 49 50 51 52 53 55 58 60
01 02 03 04 05 06 07 08 09 10 11 12 13 14 15 16 17 19 20 22 24 25 26 27 28 29 30 32 33 34 35 36 38 40 42 44 46 48 49 50 51 52 53 54 55 56 57 58 59 60
01 02 03 04 05 06 07 08 09 10 11 12 13 14 16 17 19 20 21 22 23 25 26 27 28 29 30 32 34 36 37 38 39 40 42 44 45 46 47 48 50 52 53 54 55 56 57 58 59 60
01 02 03 04 05 06 07 08 09 10 11 12 13 15 17 18 19 20 21 22 23 24 25 26 27 28 29 31 33 35 37 39 41 42 43 44 45 46 47 48 49 50 51 52 53 55 57 58 59 60
01 02 03 04 05 06 07 08 09 10 11 12 13 15 17 18 19 21 22 23 24 25 26 27 28 31 33 34 35 36 37 38 39 40 41 43 45 47 49 50 51 52 53 54 55 56 57 58 59 60
01 02 03 04 05 06 07 08 09 10 11 12 14 15 16 17 18 19 20 21 23 24 25 26 27 28 29 31 33 35 37 38 39 40 41 43 45 46 47 48 49 50 51 52 53 54 55 56 58 60
01 02 03 04 05 06 07 08 09 10 11 12 14 15 16 17 18 19 20 21 23 24 25 27 29 30 31 32 33 34 35 36 37 39 41 42 43 44 45 46 47 48 49 51 53 55 57 58 59 60
01 02 03 04 05 06 07 08 09 10 11 12 14 15 16 17 18 19 21 23 24 25 26 27 28 30 31 32 33 35 37 38 39 40 41 42 43 44 45 47 49 51 53 54 55 56 57 58 59 60
01 02 03 04 05 06 07 08 09 10 11 12 15 17 18 19 21 23 24 25 26 27 28 30 31 32 33 34 35 36 37 39 41 42 43 44 45 46 47 48 49 50 51 52 53 54 55 56 58 60
01 02 03 04 05 06 07 08 09 10 11 13 14 15 16 17 18 19 20 21 22 23 24 25 26 27 28 29 30 31 32 33 35 37 38 39 40 41 43 45 47 49 50 51 52 55 57 58 59 60
01 02 03 04 05 06 07 08 09 10 11 13 14 15 16 17 18 19 20 21 22 23 24 25 26 27 28 29 31 33 34 35 36 37 39 41 42 43 44 45 47 49 50 51 52 54 55 56 58 60
01 02 03 04 05 06 07 08 09 10 11 13 14 15 16 17 18 19 20 21 22 23 24 25 27 29 31 33 35 37 38 39 40 41 42 43 44 45 46 47 48 49 51 54 55 56 57 58 59 60
01 02 03 04 05 06 07 08 09 10 11 13 15 17 18 19 20 21 22 23 24 25 26 27 28 29 30 31 32 33 34 35 36 37 38 39 40 41 42 43 44 45 46 47 48 49 51 55 58 60
01 02 03 04 05 06 07 08 09 10 11 13 15 17 18 19 20 21 22 23 24 25 27 29 30 31 32 33 34 35 36 37 39 41 43 45 46 47 48 49 50 51 52 54 55 56 57 58 59 60
01 02 03 04 05 06 07 08 09 10 11 14 15 16 17 18 19 21 23 24 25 26 27 28 31 33 34 35 36 37 38 39 40 41 42 43 44 45 46 47 48 49 50 51 52 55 57 58 59 60
01 02 03 04 05 06 07 08 09 11 12 13 14 15 16 17 18 19 20 21 22 23 24 25 26 27 28 29 30 31 32 33 35 37 39 41 42 43 44 45 46 47 48 49 51 53 54 56 58 60
01 02 03 04 05 06 07 08 09 11 12 13 14 15 16 17 18 19 21 22 23 24 25 26 27 28 30 31 32 33 34 35 36 37 38 39 40 41 43 45 46 47 48 49 51 53 57 58 59 60
01 02 03 04 05 06 07 08 09 11 12 13 14 15 16 17 18 19 21 22 23 24 25 27 31 33 34 35 36 37 39 41 42 43 44 45 46 47 48 49 50 51 52 53 54 56 57 58 59 60
01 02 03 04 05 06 07 08 09 11 12 13 15 17 18 19 20 21 22 23 24 25 27 29 30 31 32 33 34 35 36 37 38 39 40 41 42 43 44 45 47 49 50 51 52 53 57 58 59 60
01 02 03 04 05 06 07 08 09 11 12 14 15 16 17 18 19 20 21 23 24 25 26 27 28 29 30 31 32 33 34 35 36 37 39 41 43 45 47 49 50 51 52 53 54 56 57 58 59 60
01 02 03 04 05 06 07 08 09 11 12 15 17 18 19 20 21 23 24 25 26 27 28 29 31 33 34 35 36 37 38 39 40 41 42 43 44 45 46 47 48 49 51 53 54 56 57 58 59 60
01 02 03 04 05 06 07 08 09 11 13 15 17 18 19 21 22 23 24 25 26 27 28 30 31 32 33 35 37 38 39 40 41 42 43 44 45 46 47 48 49 50 51 52 54 56 57 58 59 60
01 02 03 04 05 06 07 08 09 11 14 15 16 17 18 19 20 21 23 24 25 27 29 30 31 32 33 34 35 36 37 38 39 40 41 42 43 44 45 46 47 48 49 50 51 52 54 56 58 60
01 02 03 04 05 06 07 08 10 12 13 14 15 16 17 18 19 20 22 24 26 28 29 30 31 32 33 34 35 36 37 38 39 40 41 42 43 44 46 48 50 52 53 54 55 56 57 58 59 60
01 02 03 04 05 06 07 08 10 12 13 14 16 17 18 19 20 21 22 23 26 28 29 30 31 32 34 36 37 38 39 40 41 42 43 44 45 46 47 48 50 52 53 54 55 56 57 58 59 60
01 02 03 04 05 06 07 09 10 11 12 13 14 15 16 17 18 20 21 22 23 24 25 26 27 28 29 31 33 34 35 36 37 39 41 43 45 46 47 48 49 51 53 54 55 56 57 58 59 60
01 02 03 04 05 06 07 09 10 11 12 13 14 15 16 17 18 21 22 23 24 25 26 27 28 30 31 32 33 34 35 36 37 39 41 42 43 44 45 47 49 50 51 52 53 55 57 58 59 60
01 02 03 04 05 06 07 09 10 11 12 13 15 17 18 20 21 22 23 24 25 26 27 28 29 30 31 32 33 35 37 38 39 40 41 42 43 44 45 47 49 50 51 52 53 54 55 56 58 60
01 02 03 04 05 06 07 09 10 11 12 13 15 17 18 21 22 23 24 25 27 30 31 32 33 34 35 36 37 38 39 40 41 42 43 44 45 46 47 48 49 51 53 54 55 56 57 58 59 60
01 02 03 04 05 06 07 09 10 11 12 14 15 16 17 18 20 21 23 24 25 27 29 31 33 34 35 36 37 38 39 40 41 42 43 44 45 47 49 50 51 52 53 54 55 56 57 58 59 60
01 02 03 04 05 06 07 09 10 11 12 15 17 18 20 21 23 24 25 26 27 28 29 30 31 32 33 34 35 36 37 38 39 40 41 43 45 46 47 48 49 50 51 52 53 55 57 58 59 60
01 02 03 04 05 06 07 09 10 11 13 14 15 16 17 18 21 22 23 24 25 26 27 28 30 31 32 33 34 35 36 37 38 39 40 41 43 45 46 47 48 49 50 51 52 54 55 56 58 60
01 02 03 04 05 06 07 09 10 11 14 15 16 17 18 20 21 23 24 25 26 27 28 29 30 31 32 33 35 37 39 41 42 43 44 45 46 47 48 49 50 51 52 54 55 56 57 58 59 60
01 02 03 04 05 06 07 09 11 12 13 14 15 16 17 18 20 21 22 23 24 25 26 27 28 29 31 33 34 35 36 37 38 39 40 41 42 43 44 45 46 47 48 49 50 51 52 53 58 60
01 02 03 04 05 06 07 09 11 12 13 14 15 16 17 18 20 21 22 23 24 25 27 29 30 31 32 33 35 37 38 39 40 41 43 45 46 47 48 49 50 51 52 53 54 56 57 58 59 60
01 02 03 04 05 06 07 09 11 13 14 15 16 17 18 20 21 22 23 24 25 26 27 28 29 30 31 32 33 34 35 36 37 38 39 40 41 42 43 44 45 47 49 51 54 56 57 58 59 60
01 02 03 04 05 06 08 09 10 11 12 13 14 15 16 17 18 19 20 21 22 23 24 26 28 29 30 31 32 34 36 37 38 39 40 42 44 46 48 49 50 51 52 53 54 55 56 57 58 59
01 02 03 04 05 06 08 09 10 11 12 13 14 15 16 17 18 19 20 22 24 25 26 27 28 29 30 31 32 34 36 38 40 42 44 45 46 47 48 49 50 51 52 53 54 55 56 57 58 59
01 02 03 04 05 06 08 10 12 13 14 15 16 17 19 20 22 24 26 28 29 30 32 33 34 35 36 37 38 39 40 41 42 43 44 45 46 47 48 49 50 51 52 53 54 55 56 57 58 59
01 02 03 04 05 06 08 10 12 13 14 16 17 18 19 20 21 22 23 25 26 27 28 29 30 31 32 33 34 35 36 38 40 41 42 43 44 46 48 49 50 51 52 53 54 55 56 57 58 59
01 02 03 04 05 07 08 09 10 11 12 13 14 15 16 19 20 21 22 23 24 26 28 29 30 32 34 36 38 40 41 42 43 44 45 46 47 48 49 50 51 52 53 54 55 56 57 58 59 60
01 02 03 04 05 07 08 09 10 11 12 13 14 16 18 19 20 22 25 26 27 28 29 30 31 32 33 34 35 36 38 40 41 42 43 44 45 46 47 48 50 52 53 54 55 56 57 58 59 60
01 02 03 04 05 07 08 09 10 11 12 13 14 16 18 19 20 22 25 26 27 28 29 30 31 32 34 36 37 38 39 40 41 42 43 44 46 48 49 50 51 52 53 54 55 56 57 58 59 60
01 02 03 04 05 07 08 10 12 13 14 15 16 18 19 20 21 22 23 24 26 28 29 30 31 32 33 34 35 36 37 38 39 40 42 44 45 46 47 48 50 52 53 54 55 56 57 58 59 60
01 02 03 04 05 07 08 10 12 13 14 16 19 20 21 22 23 25 26 27 28 29 30 32 33 34 35 36 37 38 39 40 42 44 45 46 47 48 49 50 51 52 53 54 55 56 57 58 59 60
01 02 03 04 05 08 09 10 11 12 13 14 15 16 19 20 21 22 23 24 25 26 27 28 29 30 32 33 34 35 36 37 38 39 40 41 42 43 44 46 48 50 52 53 54 55 56 57 58 59
01 02 03 04 06 07 08 09 10 11 12 13 14 15 16 17 18 19 20 21 22 23 24 25 27 29 31 33 34 35 36 37 38 39 40 41 43 45 46 47 48 49 50 51 52 53 55 57 59 60
01 02 03 04 06 07 08 09 10 11 12 13 14 15 16 17 18 19 21 22 23 24 25 26 27 28 30 31 32 33 35 37 39 41 43 45 46 47 48 49 50 51 52 53 54 55 56 57 59 60
01 02 03 04 06 07 08 09 10 11 12 13 14 15 16 17 18 19 21 22 23 24 25 26 27 28 31 33 34 35 36 37 38 39 40 41 42 43 44 45 46 47 48 49 51 53 54 55 56 60
01 02 03 04 06 07 08 09 10 11 12 13 15 17 18 19 20 21 22 23 24 25 26 27 28 29 30 31 32 33 34 35 36 37 39 41 42 43 44 45 47 49 51 53 54 55 56 57 59 60
01 02 03 04 06 07 08 09 10 11 12 14 15 16 17 18 19 20 21 23 24 25 26 27 28 29 30 31 32 33 34 35 36 37 38 39 40 41 42 43 44 45 47 49 50 51 52 53 55 60
01 02 03 04 06 07 08 09 10 11 12 15 17 18 19 20 21 23 24 25 27 29 30 31 32 33 35 37 38 39 40 41 42 43 44 45 46 47 48 49 50 51 52 53 54 55 56 57 59 60
01 02 03 04 06 07 08 09 10 11 13 14 15 16 17 18 19 21 22 23 24 25 27 30 31 32 33 34 35 36 37 38 39 40 41 42 43 44 45 47 49 50 51 52 54 55 56 57 59 60
01 02 03 04 06 07 08 09 10 11 14 15 16 17 18 19 20 21 23 24 25 26 27 28 29 30 31 32 33 34 35 36 37 38 39 40 41 43 45 46 47 48 49 51 54 55 56 57 59 60
01 02 03 04 06 07 08 09 11 12 13 14 15 16 17 18 19 20 21 22 23 24 25 26 27 28 29 31 33 35 37 38 39 40 41 42 43 44 45 47 49 50 51 52 53 54 56 57 59 60
01 02 03 04 06 07 08 09 11 12 13 15 17 18 19 20 21 22 23 24 25 26 27 28 29 30 31 32 33 34 35 36 37 38 39 40 41 43 45 46 47 48 49 50 51 52 53 54 56 60
01 02 03 04 06 07 08 09 11 13 14 15 16 17 18 19 20 21 22 23 24 25 26 27 28 29 30 31 32 33 34 35 36 37 39 41 42 43 44 45 46 47 48 49 50 51 52 57 59 60
01 02 03 04 06 07 09 10 11 12 13 14 15 16 17 18 20 21 22 23 24 25 26 27 28 29 30 31 32 33 35 37 38 39 40 41 42 43 44 45 46 47 48 49 51 53 55 57 59 60
01 02 03 04 06 07 09 10 11 12 13 14 15 16 17 18 20 21 22 23 24 25 27 29 30 31 32 33 34 35 36 37 39 41 42 43 44 45 46 47 48 49 50 51 52 53 54 55 56 60
01 02 03 04 06 07 09 10 11 13 15 17 18 20 21 22 23 24 25 26 27 28 29 31 33 34 35 36 37 38 39 40 41 42 43 44 45 46 47 48 49 50 51 52 54 55 56 57 59 60
01 02 03 04 06 07 09 11 12 14 15 16 17 18 21 23 24 25 26 27 28 30 31 32 33 34 35 36 37 38 39 40 41 42 43 44 45 46 47 48 49 50 51 52 53 54 56 57 59 60
01 03 05 06 07 08 09 10 11 12 13 14 15 16 17 18 19 20 21 22 23 24 25 26 27 28 29 30 31 32 33 34 35 36 37 39 41 43 45 46 47 48 49 50 51 52 53 55 58 60
01 03 05 06 07 08 09 10 11 12 13 14 15 16 17 18 19 20 21 22 23 24 25 26 27 28 29 31 33 34 35 36 37 38 39 40 41 42 43 44 45 47 49 51 53 55 57 58 59 60
01 03 05 06 07 08 09 10 11 12 13 14 15 16 17 18 19 20 21 22 23 24 25 27 29 30 31 32 33 35 37 39 41 42 43 44 45 47 49 50 51 52 53 54 55 56 57 58 59 60
01 03 05 06 07 08 09 10 11 12 13 15 17 18 19 20 21 22 23 24 25 26 27 28 29 30 31 32 33 35 37 38 39 40 41 43 45 46 47 48 49 51 53 54 55 56 57 58 59 60
01 03 05 06 07 08 09 10 11 12 13 15 17 18 19 20 21 22 23 24 25 27 29 31 33 34 35 36 37 38 39 40 41 42 43 44 45 46 47 48 49 50 51 52 53 54 55 56 58 60
01 03 05 06 07 08 09 10 11 12 14 15 16 17 18 19 21 23 24 25 27 30 31 32 33 34 35 36 37 38 39 40 41 43 45 46 47 48 49 50 51 52 53 54 55 56 57 58 59 60
01 03 05 06 07 08 09 10 11 13 14 15 16 17 18 19 21 22 23 24 25 26 27 28 30 31 32 33 34 35 36 37 39 41 42 43 44 45 46 47 48 49 51 54 55 56 57 58 59 60
01 03 05 06 07 08 09 10 11 15 17 18 19 20 21 23 24 25 26 27 28 29 30 31 32 33 34 35 36 37 38 39 40 41 42 43 44 45 47 49 50 51 52 54 55 56 57 58 59 60
01 03 05 06 07 08 09 11 12 13 14 15 16 17 18 19 21 22 23 24 25 26 27 28 30 31 32 33 34 35 36 37 38 39 40 41 42 43 44 45 47 49 50 51 52 53 54 56 58 60
01 03 05 06 07 08 09 11 12 14 15 16 17 18 19 20 21 23 24 25 26 27 28 29 30 31 32 33 35 37 38 39 40 41 42 43 44 45 46 47 48 49 50 51 52 53 57 58 59 60
01 03 05 06 07 08 09 11 13 14 15 16 17 18 19 20 21 22 23 24 25 26 27 28 29 31 33 34 35 36 37 38 39 40 41 43 45 46 47 48 49 50 51 52 54 56 57 58 59 60
01 03 05 06 07 09 10 11 12 13 14 15 16 17 18 21 22 23 24 25 26 27 28 31 33 35 37 38 39 40 41 42 43 44 45 46 47 48 49 50 51 52 53 54 55 56 57 58 59 60
01 03 05 06 07 09 10 11 12 14 15 16 17 18 20 21 23 24 25 26 27 28 29 30 31 32 33 34 35 36 37 38 39 40 41 42 43 44 45 46 47 48 49 51 53 54 55 56 58 60
01 03 05 06 07 09 10 11 13 14 15 16 17 18 20 21 22 23 24 25 27 29 30 31 32 33 34 35 36 37 38 39 40 41 42 43 44 45 46 47 48 49 50 51 52 55 57 58 59 60
01 03 05 06 07 09 11 12 13 15 17 18 20 21 22 23 24 25 26 27 28 29 30 31 32 33 34 35 36 37 39 41 42 43 44 45 46 47 48 49 50 51 52 53 54 56 57 58 59 60
01 03 06 07 08 09 10 11 12 13 15 17 18 19 21 22 23 24 25 26 27 28 30 31 32 33 34 35 36 37 38 39 40 41 42 43 44 45 46 47 48 49 50 51 52 53 55 57 59 60
01 03 06 07 08 09 10 11 12 14 15 16 17 18 19 20 21 23 24 25 26 27 28 29 31 33 34 35 36 37 39 41 42 43 44 45 46 47 48 49 50 51 52 53 54 55 56 57 59 60
01 03 06 07 08 09 10 11 13 14 15 16 17 18 19 20 21 22 23 24 25 26 27 28 29 30 31 32 33 35 37 38 39 40 41 42 43 44 45 46 47 48 49 50 51 52 54 55 56 60
01 03 06 07 08 09 11 12 13 14 15 16 17 18 19 20 21 22 23 24 25 27 29 30 31 32 33 34 35 36 37 38 39 40 41 42 43 44 45 46 47 48 49 51 53 54 56 57 59 60
01 03 06 07 09 10 11 12 13 14 15 16 17 18 20 21 22 23 24 25 26 27 28 29 30 31 32 33 34 35 36 37 38 39 40 41 43 45 47 49 50 51 52 53 54 55 56 57 59 60
02 04 05 06 07 08 09 10 11 12 13 14 15 16 17 18 19 20 21 22 23 24 25 26 27 28 29 30 31 32 34 36 38 40 41 42 43 44 46 48 50 52 53 54 55 56 57 58 59 60
02 04 05 06 07 08 09 10 11 12 13 14 16 17 18 19 20 21 22 23 26 28 29 30 31 32 33 34 35 36 38 40 42 44 45 46 47 48 49 50 51 52 53 54 55 56 57 58 59 60
02 04 05 06 07 08 09 10 11 12 13 14 16 17 18 19 20 22 25 26 27 28 29 30 31 32 33 34 35 36 37 38 39 40 42 44 45 46 47 48 50 52 53 54 55 56 57 58 59 60
02 04 05 06 07 08 09 10 11 12 13 14 16 17 19 20 21 22 23 26 28 29 30 32 33 34 35 36 37 38 39 40 41 42 43 44 46 48 49 50 51 52 53 54 55 56 57 58 59 60
02 04 05 06 07 08 10 12 13 14 15 16 17 19 20 22 24 25 26 27 28 29 30 32 34 36 37 38 39 40 41 42 43 44 45 46 47 48 49 50 51 52 53 54 55 56 57 58 59 60
02 04 05 06 08 09 10 11 12 13 14 15 16 17 19 20 21 22 23 24 25 26 27 28 29 30 32 33 34 35 36 38 40 41 42 43 44 45 46 47 48 50 52 53 54 55 56 57 58 59
02 04 05 07 08 10 12 13 14 15 16 18 19 20 21 22 23 24 25 26 27 28 29 30 31 32 33 34 35 36 37 38 39 40 42 44 46 48 49 50 51 52 53 54 55 56 57 58 59 60
02 04 05 08 09 10 11 12 13 14 15 16 18 19 20 22 24 26 28 29 30 31 32 33 34 35 36 37 38 39 40 41 42 43 44 45 46 47 48 49 50 51 52 53 54 55 56 57 58 59
02 04 05 08 10 12 13 14 15 16 18 19 20 21 22 23 24 25 26 27 28 29 30 31 32 34 36 37 38 39 40 41 42 43 44 45 46 47 48 49 50 51 52 53 54 55 56 57 58 59
