01 05 07 08 09 10 11 12 13 14 15 16 17 18 19 21 22 23 25 26 27 29 30 31 32 33 35 41 42 43 44 45 46 47 49 50 51 52 53 54 56 57 58 59 60 61 62 66 68 69
02 04 05 06 08 09 10 11 12 13 14 15 16 17 18 19 21 22 23 25 26 28 29 30 32 33 34 35 36 37 39 41 46 47 50 51 53 54 55 56 57 58 60 62 63 64 65 66 67 69
02 03 04 05 06 07 08 09 10 11 12 13 14 15 16 18 19 20 21 24 25 26 27 28 30 31 32 34 35 37 38 40 41 42 43 45 47 49 50 51 53 54 55 59 62 63 64 65 67 68
02 03 04 05 06 07 08 09 10 11 13 15 16 17 21 22 23 24 25 26 28 29 30 31 32 34 35 37 39 43 44 45 46 47 48 50 51 52 54 56 59 60 61 62 63 64 66 67 68 69
01 02 03 05 08 09 10 11 13 15 16 17 18 20 21 22 23 25 26 27 29 31 32 33 34 35 36 37 38 40 42 43 44 45 46 49 51 52 56 57 58 59 60 61 62 63 64 66 67 68
02 04 06 07 09 11 12 13 16 17 18 19 20 21 22 23 24 26 27 28 29 30 31 32 34 35 37 38 41 42 43 44 45 46 47 48 49 50 51 52 53 54 57 58 61 62 63 64 68 69
01 02 03 04 05 06 08 10 12 13 14 15 20 23 24 27 28 29 30 32 33 34 35 36 37 38 39 40 42 43 44 45 46 47 48 49 53 54 55 57 58 59 60 61 62 63 65 67 68 69
02 03 04 05 06 07 11 12 13 14 15 16 17 18 20 21 22 25 26 27 28 29 30 31 32 34 35 37 40 41 42 44 45 47 48 49 53 54 55 56 57 58 59 60 61 62 64 66 67 69
01 02 03 04 06 07 08 09 13 14 15 16 20 21 22 23 24 25 27 28 29 31 32 33 35 36 37 38 40 41 42 45 46 47 48 50 51 52 53 55 56 57 58 60 61 62 63 64 65 69
01 03 06 07 08 10 11 12 13 14 15 16 17 19 20 21 24 25 27 28 29 30 32 33 34 35 36 37 38 39 40 41 43 44 45 47 48 49 50 52 54 57 59 60 63 64 65 67 68 69
01 03 04 05 06 07 09 10 11 12 13 14 17 18 21 22 24 25 26 27 28 33 35 36 37 38 39 40 43 44 45 46 47 48 49 50 51 53 56 57 58 59 60 61 63 64 65 67 68 69
01 02 05 06 07 08 12 13 14 17 18 19 20 22 24 25 26 28 29 30 31 32 33 34 35 37 39 40 41 43 44 45 47 48 49 51 52 53 54 56 58 59 60 61 63 64 65 66 67 68
01 02 03 04 05 07 08 09 10 11 12 13 15 17 18 19 20 21 24 26 27 28 29 30 31 33 34 35 40 43 44 45 48 49 51 52 53 54 55 56 57 58 59 60 61 62 63 64 65 67
02 03 04 05 06 09 10 11 12 13 14 15 16 17 19 20 22 23 24 30 34 35 36 37 38 41 42 44 45 46 47 48 49 50 51 52 53 54 55 56 57 58 59 60 62 63 64 65 66 69
01 02 04 05 06 07 08 10 12 13 14 15 18 20 21 22 23 24 26 28 30 31 32 33 34 35 36 37 38 42 43 46 47 49 50 51 52 53 54 55 56 57 59 61 64 65 66 67 68 69
01 02 04 05 06 08 09 11 12 13 16 17 18 21 22 23 24 25 28 29 30 32 33 34 36 37 38 39 40 41 44 46 47 49 50 52 53 54 55 58 59 60 61 62 63 65 66 67 68 69
01 03 04 05 06 07 08 10 15 16 17 18 19 20 21 24 25 27 28 29 30 34 35 36 37 38 39 40 41 42 43 44 45 46 47 48 49 50 51 52 53 55 56 57 58 60 61 62 63 64
01 02 03 04 05 06 07 08 10 12 13 15 16 17 19 20 22 24 25 26 27 28 29 30 31 32 36 37 38 39 41 42 43 44 45 49 50 52 53 54 55 56 57 58 63 65 66 67 68 69
02 06 07 08 09 11 13 14 15 17 18 19 22 23 26 27 28 29 31 33 34 35 36 37 38 39 40 41 42 43 45 46 47 48 49 50 51 52 54 55 56 59 60 61 62 63 65 67 68 69
01 03 04 05 06 07 08 09 11 12 13 14 16 18 19 20 22 23 25 27 28 29 30 31 32 33 34 35 36 38 40 41 42 44 47 50 51 53 55 56 57 58 59 60 61 62 63 65 68 69
01 02 03 05 06 07 08 10 11 17 19 20 21 22 23 24 25 27 28 30 31 32 33 35 36 37 39 40 41 42 43 44 46 47 50 51 53 54 55 58 60 61 62 63 64 65 66 67 68 69
04 05 07 09 10 12 15 16 17 18 19 20 21 22 23 24 25 26 27 28 29 30 32 33 34 35 36 37 38 39 40 42 44 45 46 47 51 52 53 54 58 59 62 63 64 65 66 67 68 69
01 03 04 07 08 09 10 11 12 13 14 17 18 21 22 23 24 25 26 29 30 32 33 34 36 37 39 40 41 42 43 44 45 46 48 49 52 53 54 55 58 59 61 62 63 64 65 67 68 69
01 03 04 06 08 09 10 11 12 13 14 15 17 18 19 21 23 24 25 28 29 31 32 33 34 35 36 37 38 39 40 41 43 45 47 48 50 51 53 54 56 58 59 61 62 63 65 66 68 69
01 02 03 04 05 06 09 11 13 14 15 16 17 18 20 21 22 24 26 27 29 30 31 33 34 35 36 38 39 41 42 43 44 45 46 47 50 51 52 55 56 59 61 63 64 65 66 67 68 69
01 02 03 04 05 06 08 10 12 13 14 16 17 18 19 20 21 22 23 24 26 28 31 32 33 34 35 36 37 39 40 41 42 43 45 47 48 51 52 53 54 55 57 60 62 63 64 67 68 69
01 02 03 04 05 06 09 10 11 12 13 14 16 18 20 21 22 23 25 26 27 28 29 30 31 32 34 37 38 39 41 42 43 44 45 46 47 49 51 52 54 55 56 58 60 61 62 64 67 69
01 02 03 04 05 06 07 08 11 13 15 16 17 18 20 22 23 24 26 28 29 30 31 32 33 34 36 37 38 39 40 41 43 44 45 46 51 53 54 55 56 57 58 62 63 64 65 66 68 69
01 02 05 06 07 08 09 10 12 13 14 16 17 19 21 24 25 26 31 32 33 35 36 37 38 39 40 42 43 44 45 46 47 48 49 50 51 53 54 55 56 57 58 59 60 61 62 63 66 69
01 02 03 04 06 07 10 11 13 14 15 16 17 18 19 23 24 25 26 27 28 29 30 31 32 35 36 37 38 39 40 41 43 45 46 47 48 49 50 53 54 55 56 57 58 60 61 64 65 68
02 03 04 05 06 08 09 12 13 14 15 16 17 18 19 20 21 23 24 26 27 28 32 33 34 35 36 38 39 42 43 44 46 48 49 50 52 53 54 55 56 57 58 59 60 62 63 64 67 68
01 02 03 05 06 07 09 10 12 13 16 17 19 21 22 23 24 27 29 30 31 32 34 35 36 37 39 40 41 42 43 44 45 46 47 48 49 50 54 55 56 57 58 59 61 63 66 67 68 69
01 02 03 04 05 07 08 10 11 12 14 15 16 17 18 19 21 22 23 25 27 28 31 32 34 37 38 39 41 42 43 44 46 47 48 49 50 51 52 53 54 55 57 59 60 61 64 66 67 68
02 03 04 05 07 08 09 10 11 12 14 15 16 19 20 21 22 23 25 26 27 28 29 30 33 34 36 40 43 44 46 47 49 50 51 52 54 55 56 57 59 60 61 62 64 65 66 67 68 69
01 04 06 07 08 10 11 13 14 15 16 17 18 19 21 23 24 26 27 28 30 32 33 34 35 36 37 38 40 41 42 44 45 46 47 48 49 50 51 52 55 56 57 61 62 64 65 66 67 69
01 03 05 06 08 09 11 12 14 15 17 21 22 24 25 26 28 29 30 31 32 33 35 36 38 41 42 43 44 45 46 47 48 49 50 52 53 54 55 56 57 59 60 62 63 64 65 66 68 69
01 02 04 06 07 08 09 10 11 13 14 15 16 18 19 20 22 24 25 26 27 28 30 31 32 34 35 36 37 39 40 41 43 45 47 49 50 51 52 54 55 57 59 60 61 62 63 66 67 69
01 02 03 04 06 07 08 09 10 11 12 13 15 16 17 18 19 20 22 23 24 25 28 29 30 31 33 35 36 37 38 39 40 42 43 44 46 47 48 49 51 53 54 55 59 60 62 63 67 68
01 03 04 06 08 09 10 11 13 14 15 16 17 19 20 21 22 23 25 29 30 31 32 33 34 35 38 40 41 42 43 44 46 47 48 50 51 52 54 55 56 57 58 59 62 63 65 67 68 69
01 03 04 06 07 08 09 10 11 12 13 14 17 18 19 20 21 24 25 26 27 28 29 30 31 33 34 35 36 38 39 42 43 44 45 51 52 53 55 57 58 59 60 62 63 64 65 66 68 69
02 03 04 05 06 07 08 09 10 11 12 13 18 20 21 24 26 27 28 29 31 33 34 35 36 38 39 41 42 44 45 46 47 48 49 50 52 53 54 55 56 57 58 59 60 61 62 65 68 69
01 04 05 06 07 08 10 11 12 14 15 18 20 21 22 23 24 26 27 29 30 31 33 34 35 37 38 39 40 41 42 43 44 45 47 48 49 50 51 56 58 59 60 61 62 63 64 65 68 69
03 05 06 07 08 09 11 12 13 14 16 17 19 21 22 24 25 26 27 29 30 31 32 33 34 35 37 38 39 40 41 42 46 48 49 50 51 52 53 54 55 57 58 61 62 63 64 65 66 67
01 02 03 04 05 07 08 09 11 13 14 15 16 17 19 20 21 22 23 24 25 26 28 29 30 32 33 34 35 36 37 44 45 46 48 49 50 53 54 55 56 58 59 60 61 65 66 67 68 69
01 02 03 06 07 08 09 10 12 13 15 16 19 20 21 23 24 25 26 27 28 29 30 32 34 37 38 39 40 41 42 44 45 46 48 49 51 52 53 55 56 57 59 60 61 63 64 65 66 68
01 02 03 06 07 08 09 11 13 14 15 16 17 18 19 21 25 26 27 29 30 31 32 35 36 37 39 40 41 42 43 44 45 46 50 52 53 54 56 57 59 60 62 63 64 65 66 67 68 69
01 02 03 04 05 06 08 10 11 12 14 15 16 17 18 22 23 24 25 26 29 30 31 32 33 34 36 38 39 42 43 44 45 47 48 49 50 51 52 53 54 55 57 60 61 63 65 67 68 69
01 02 03 04 05 07 08 12 13 14 15 16 17 18 19 20 21 23 24 25 26 29 30 31 32 33 34 35 36 37 38 39 40 44 45 46 47 49 51 52 55 56 58 59 60 61 64 66 68 69
01 02 04 05 06 07 09 10 11 12 13 14 16 17 19 20 21 22 24 27 28 29 30 31 32 33 34 35 36 38 39 41 42 45 47 49 50 51 52 53 54 55 56 57 59 60 62 64 65 67
01 03 05 07 09 10 12 13 14 15 16 18 20 21 22 23 24 25 26 28 31 32 33 34 35 36 37 38 39 40 41 42 45 46 47 48 50 52 54 55 56 58 59 60 61 63 64 65 66 69
01 05 06 08 09 10 11 12 13 14 15 16 17 18 19 20 22 24 25 26 27 28 29 32 33 34 36 37 40 41 42 43 44 46 48 49 51 52 53 54 57 58 59 61 62 63 65 66 67 68
01 02 04 09 10 11 12 13 14 15 16 17 18 19 21 22 23 24 25 27 28 29 30 31 32 33 34 35 36 39 41 42 44 45 46 47 51 53 54 55 57 58 59 60 61 63 65 66 67 68
01 02 05 06 08 09 11 12 13 15 16 18 20 23 24 25 26 27 28 29 30 31 32 33 34 35 37 39 40 42 45 46 47 48 49 50 51 53 54 55 56 57 60 61 62 64 66 67 68 69
03 04 05 06 07 08 09 10 11 12 13 14 16 17 18 19 23 24 25 26 27 32 33 34 35 36 37 38 39 40 41 42 44 45 46 48 49 50 51 52 53 55 56 58 59 61 64 66 68 69
02 03 04 08 09 10 12 14 15 16 17 18 19 21 22 23 24 25 26 27 28 29 30 31 32 34 35 37 38 39 40 41 43 44 45 47 48 49 50 51 52 53 54 56 57 58 59 61 64 67
02 03 04 05 06 07 08 09 10 11 13 14 15 16 19 20 21 23 24 25 26 28 29 31 32 33 38 39 40 42 43 44 45 46 47 48 49 50 51 53 57 58 59 60 61 62 63 64 66 67
01 02 03 04 05 06 07 12 14 15 16 17 18 19 20 21 22 23 24 25 26 27 28 31 32 35 36 37 40 43 45 46 48 49 51 52 55 56 57 58 59 61 62 63 64 65 66 67 68 69
01 02 03 04 05 06 07 09 10 12 16 17 20 23 25 26 27 29 30 31 32 33 35 36 37 38 39 40 41 42 44 46 47 48 49 52 54 55 56 57 58 59 60 61 63 65 66 67 68 69
01 02 03 04 07 09 11 12 13 15 17 18 20 21 22 25 26 27 30 31 32 33 34 35 36 37 40 41 42 43 44 45 48 49 50 51 52 53 55 56 57 58 60 61 62 65 66 67 68 69
01 02 03 04 05 06 07 08 09 10 11 12 14 15 17 18 19 20 21 22 23 25 28 29 31 33 34 36 37 39 41 42 44 45 48 49 50 52 54 55 56 57 59 61 62 63 64 65 66 69
01 02 05 08 10 12 14 16 17 18 19 20 21 23 24 25 26 27 28 29 30 33 34 35 36 37 38 41 42 43 44 45 46 47 48 49 50 54 55 57 58 59 60 61 62 63 64 67 68 69
01 06 07 08 09 10 11 12 14 15 16 19 20 21 22 25 26 27 28 30 31 32 33 34 35 36 37 38 39 42 43 45 46 48 51 52 53 54 55 56 57 58 60 61 62 63 66 67 68 69
01 02 03 04 05 06 08 11 12 13 15 17 18 19 20 22 23 24 27 28 29 30 31 34 35 37 38 39 40 41 42 43 44 48 50 53 54 56 57 58 59 60 61 62 64 65 66 67 68 69
03 04 05 06 08 11 12 13 16 17 18 19 20 22 23 24 26 27 28 29 30 32 33 35 36 37 38 39 40 41 43 44 45 46 47 48 49 50 51 52 53 54 56 58 59 63 64 65 66 67
01 02 03 04 05 07 08 09 10 12 13 14 15 17 19 20 22 23 26 27 28 29 30 31 33 35 36 37 38 40 41 42 47 48 49 51 52 53 55 57 58 60 61 63 64 65 66 67 68 69
01 04 05 07 09 10 12 13 14 15 16 17 18 19 20 23 24 25 28 30 31 32 33 35 36 37 39 40 41 42 43 44 45 46 47 49 50 52 53 56 57 60 62 63 64 65 66 67 68 69
01 03 05 06 08 09 10 11 12 14 18 19 20 21 22 23 25 26 28 29 30 32 35 36 37 38 39 40 41 42 43 44 45 46 47 48 50 51 52 57 58 59 60 61 62 63 64 65 66 67
01 02 03 04 05 06 07 09 10 11 13 14 17 18 19 21 22 23 24 25 26 29 30 32 34 36 37 38 39 40 41 42 44 47 49 50 51 54 56 57 58 59 61 62 63 64 65 66 68 69
01 02 04 05 06 07 09 10 12 13 14 15 16 17 18 21 22 23 25 26 27 29 30 31 33 34 36 38 40 41 43 46 47 48 50 52 53 55 56 57 58 59 60 62 63 64 65 66 67 68
01 03 04 05 07 08 10 11 12 13 14 16 17 20 21 22 23 24 27 29 30 31 32 33 34 35 36 39 41 43 45 46 47 48 49 50 51 52 53 55 57 58 59 60 61 62 63 65 66 68
01 02 03 04 06 07 09 10 11 13 14 15 16 17 19 20 21 22 24 28 29 30 31 32 33 36 37 40 41 42 43 44 45 47 48 50 51 52 53 54 55 56 57 58 62 63 64 66 67 69
01 02 03 05 07 08 09 10 11 12 13 14 15 16 17 18 22 24 27 28 30 31 32 34 35 36 37 38 41 43 44 45 46 47 50 51 52 53 54 55 56 58 59 60 61 63 64 67 68 69
01 02 03 04 05 06 07 08 09 14 15 16 19 21 22 24 25 26 28 29 30 31 35 37 38 39 40 42 43 44 45 46 47 48 50 51 52 53 55 56 57 58 59 61 62 65 66 67 68 69
02 03 04 05 06 07 08 09 10 12 13 14 16 17 18 19 20 22 23 24 25 26 27 29 30 31 32 33 34 37 40 42 44 45 46 48 49 50 51 54 55 56 57 58 59 60 62 64 65 68
02 04 05 06 07 08 09 10 11 16 17 18 19 20 21 22 25 28 30 31 32 33 34 37 38 39 40 41 42 43 45 46 47 48 49 50 51 52 53 55 56 57 58 60 62 65 66 67 68 69
01 02 04 05 06 08 09 10 11 14 15 17 18 19 20 22 24 25 27 29 30 31 32 35 36 38 39 40 42 43 44 45 46 47 48 49 51 52 53 54 55 56 58 59 60 61 62 64 66 69
03 04 05 06 07 08 09 10 11 13 14 15 16 17 18 19 20 21 22 23 24 26 27 28 30 32 33 34 35 38 39 40 41 43 45 46 48 49 53 55 56 57 60 61 62 63 64 66 67 68
02 03 05 06 07 08 09 11 12 13 14 15 16 17 18 21 22 23 24 25 27 28 29 31 32 33 34 35 38 39 40 43 44 45 46 48 49 50 51 52 54 55 56 57 58 59 60 61 65 69
01 03 04 05 06 07 08 09 14 15 16 17 18 19 20 21 22 23 25 26 27 29 30 31 33 34 37 39 40 42 43 44 46 47 48 49 50 51 52 53 54 56 57 58 61 62 64 65 66 69
01 02 04 07 08 09 11 13 15 18 19 20 21 22 23 25 27 28 29 31 32 33 34 35 36 38 39 41 42 43 44 45 46 47 49 52 54 55 56 57 58 59 60 62 63 64 65 66 67 68
01 02 05 06 07 08 10 11 12 14 15 16 18 19 21 23 24 25 26 27 28 29 30 34 35 36 38 39 40 41 42 43 47 48 49 51 53 54 55 56 57 58 59 61 63 64 65 66 68 69
01 02 03 04 05 06 07 08 10 11 12 13 15 16 17 19 21 23 25 26 27 28 31 32 33 34 36 37 38 40 42 44 46 48 50 51 52 53 54 56 58 59 61 62 63 64 65 66 67 68
02 04 06 07 09 10 11 12 13 14 15 16 17 19 20 21 22 23 24 26 27 29 31 32 35 36 37 38 39 40 41 42 43 44 45 46 50 52 53 55 58 59 60 61 62 64 65 67 68 69
01 02 03 04 05 06 07 09 10 11 12 13 14 18 20 21 23 24 25 26 27 28 29 30 31 32 33 34 36 37 38 39 40 41 42 43 44 47 48 50 52 54 55 59 60 62 63 64 67 69
02 03 06 09 10 11 13 14 15 18 19 20 21 22 23 24 25 26 27 29 30 33 34 35 37 38 39 41 42 43 44 45 46 47 48 52 53 54 56 57 58 60 61 62 63 64 65 67 68 69
02 03 04 05 06 07 08 10 11 12 13 14 15 18 19 20 21 22 23 24 25 26 27 34 35 36 39 40 41 43 44 46 48 49 50 51 52 53 54 55 56 58 60 62 63 64 65 66 67 69
01 02 03 04 05 07 08 09 10 11 12 13 14 15 17 18 20 21 23 24 25 26 27 28 29 30 31 33 34 35 38 40 41 44 45 46 49 51 52 53 54 56 57 58 60 63 66 67 68 69
01 03 06 07 08 09 10 11 12 13 16 18 19 20 21 22 23 25 26 27 28 29 31 32 33 35 36 37 38 42 43 44 47 49 50 51 52 53 54 55 56 59 60 61 63 64 65 66 67 69
01 02 03 04 05 09 12 13 14 15 16 17 18 19 21 26 27 28 29 30 31 32 33 34 36 37 38 39 40 41 43 45 47 48 49 50 51 52 54 56 57 59 60 61 62 63 65 66 68 69
02 03 04 07 08 10 11 12 13 15 16 17 18 20 23 24 26 27 28 29 31 32 33 34 35 36 37 38 39 40 41 42 45 46 47 48 50 51 52 53 54 57 58 59 63 64 65 67 68 69
02 03 05 08 09 10 11 12 13 14 15 16 17 20 21 22 23 24 25 26 27 28 30 32 33 34 36 37 38 39 40 41 43 44 45 46 47 48 49 51 53 54 55 60 61 62 64 65 66 69
